10101010 10101010 10101010 10101010 1010101

10101010 1011010101 10101010 1010111 10 0101010 10 


1010101010101011101010101010101010101010101010010110101010 10101010 10101010 10101010 1010101

10101010 1011010101 10101010 1010111 10 0101010 10 


1010101010101011101010101010101010101010101010010110101010 10101010 10101010 10101010 1010101

10101010 1011010101 10101010 1010111 10 0101010 10 


1010101010101011101010101010101010101010101010010110101010 10101010 10101010 10101010 1010101

10101010 1011010101 10101010 1010111 10 0101010 10 


1010101010101011101010101010101010101010101010010110101010 10101010 10101010 10101010 1010101

10101010 1011010101 10101010 1010111 10 0101010 10 


1010101010101011101010101010101010101010101010010110101010 10101010 10101010 10101010 1010101

10101010 1011010101 10101010 1010111 10 0101010 10 


10101010101010111010101010101010101010101010100101